-13.5 729417.36985
-13.495 725779.39053
-13.492 723605.31809
-13.487 719996.3265
-13.485 718557.77488
-13.479 714259.34242
-13.477 712832.2533
-13.46 700816.54489
-13.45  693843.31371
-13.448 692457.01584
-13.443 689003.37706
-13.44 686939.46734
-13.436 684197.20166
-13.432 681465.88313
-13.42 673337.17433
-13.415 669978.89615
-13.41 666637.36745
-13.39 653437.08295
-13.38 646935.28529
-13.35 627815.48766
-13.33 615383.92789
-13.3 597196.61379
-13.25 568071.04002
-13.21 545796.69515
-13.15 514012.02828
-13.11 493857.36758
-13.07 474492.98243
-13.04 460469.62505
-13.03 455887.88568
-13 442414.39201
